Atlantic Surf I UM B 2014																																																																																						
CLASES	LANCES																																																																																					
75	87																																																																																					
16	7	27	2	2	0	0	6	47	30	20	16	7	48	21	31	3	4	19	0	85	0	15	57	0	18	37	19	66	54	7	21	22	18	0	67	45	0	6	14	0	73	34	0	2	0	0	46	0	15	31	30	47	25	15	0	0	47	11	22	21	0	0	12	0	0	61	39	0	6	11	86	0	145	33	21	0	0	16	0	0	0	5	10	6	0	7
17	11	10	0	0	3	3	31	35	18	20	12	2	36	21	41	1	10	16	0	43	0	30	29	11	0	37	0	19	22	7	43	44	18	0	33	0	0	6	7	0	24	11	0	0	0	11	77	0	22	31	15	0	25	15	0	0	35	44	20	21	15	19	24	5	16	15	15	3	0	0	214	0	97	16	27	0	0	32	0	0	0	0	19	12	5	5
18	15	25	2	0	3	0	6	47	18	20	16	2	19	33	36	0	6	19	13	9	58	15	71	0	18	19	0	9	0	0	0	0	18	0	134	45	34	6	14	0	97	11	0	0	0	11	93	12	22	41	0	0	25	45	0	0	47	0	14	11	0	0	24	5	0	0	31	0	6	0	129	11	97	16	7	0	35	49	3	11	8	0	0	12	0	18
19	7	22	0	2	3	0	0	35	6	0	8	0	13	37	31	0	11	6	13	9	116	15	71	11	0	19	38	0	11	0	21	22	18	0	167	23	17	3	0	0	146	11	0	0	0	22	46	12	7	27	30	0	0	30	0	0	23	22	3	0	0	19	48	0	16	31	15	3	3	22	150	5	121	0	7	3	18	0	3	0	4	0	19	6	0	11
20	36	17	4	2	7	5	25	59	6	20	32	11	19	25	21	4	11	22	13	17	58	15	0	0	18	37	0	9	0	0	21	22	0	0	201	0	17	8	7	159	219	46	0	2	4	22	62	24	15	21	0	47	25	45	0	29	12	11	20	0	0	76	12	0	49	15	15	3	15	11	407	5	434	16	14	0	35	16	6	11	0	5	19	0	10	25
21	11	15	4	0	3	0	6	47	6	20	8	7	19	21	31	4	9	16	26	34	58	0	14	11	18	19	0	19	0	13	43	0	0	0	201	23	0	0	14	40	244	23	0	0	4	11	46	24	0	48	0	24	17	90	0	10	59	33	14	11	0	38	36	5	49	31	46	3	0	5	236	0	362	16	7	3	0	65	0	0	4	11	10	6	14	7
22	0	17	9	0	3	0	31	59	6	20	4	0	6	54	21	0	4	10	13	26	174	0	71	0	18	37	0	9	0	0	21	22	18	2	268	68	34	6	7	278	390	46	0	0	0	33	46	24	7	41	15	0	25	105	0	29	12	77	14	5	8	38	12	0	82	77	23	3	9	32	279	5	410	16	14	6	0	65	0	0	4	0	10	19	0	21
23	33	5	2	0	0	0	13	35	0	0	0	2	10	21	21	3	4	3	26	17	58	15	71	11	0	19	0	0	11	0	21	66	18	0	368	23	50	3	0	159	341	46	0	0	0	22	46	24	22	31	76	95	8	60	0	19	12	33	8	5	0	38	72	0	98	61	23	0	0	11	129	0	410	98	34	0	53	49	9	0	0	5	19	25	5	11
24	18	0	4	0	3	0	19	12	12	40	0	0	10	8	5	0	1	0	13	9	0	0	57	0	55	19	0	9	0	0	21	0	0	0	201	23	0	3	0	119	317	23	0	0	0	0	123	0	0	24	0	0	0	150	0	29	12	33	8	11	0	19	109	5	66	61	31	0	0	16	129	0	483	65	7	3	35	114	6	43	0	5	19	43	10	2
25	4	7	4	0	0	0	13	0	12	20	8	0	6	17	15	0	3	0	26	17	174	30	143	11	127	56	19	9	0	0	21	66	18	0	368	90	50	6	7	238	463	34	2	0	0	11	216	24	44	58	91	95	8	241	0	48	35	55	17	11	8	38	145	5	213	122	101	0	0	38	386	0	531	49	27	3	71	65	9	54	8	11	19	19	5	2
26	0	10	4	0	3	0	13	0	127	59	4	0	3	12	10	0	3	3	0	34	174	15	171	0	18	37	0	19	11	7	21	44	18	0	234	45	50	3	0	79	195	57	1	4	0	33	139	24	22	34	15	0	0	376	0	19	47	44	8	21	8	57	48	0	213	107	54	3	0	16	343	0	651	98	27	3	35	81	3	22	4	16	29	0	5	2
27	0	0	0	2	0	0	13	0	36	0	8	0	23	17	31	0	6	19	0	51	174	30	57	0	36	37	19	19	0	7	43	66	0	0	201	45	34	0	7	119	341	80	1	0	0	44	93	12	52	48	30	0	17	451	7	48	70	44	22	11	8	57	72	11	246	77	31	3	3	43	365	0	290	81	7	6	124	49	6	43	8	11	38	6	0	2
28	15	5	0	2	3	0	6	12	12	20	16	5	10	17	26	0	3	16	26	0	231	45	186	0	36	37	0	19	11	7	43	89	36	0	201	90	50	6	7	40	268	91	1	0	2	54	123	61	37	41	91	47	25	587	13	29	70	22	17	11	23	57	72	0	213	31	31	0	0	22	429	0	290	81	27	3	53	65	12	87	4	27	58	6	0	7
29	0	0	2	2	3	0	13	47	48	40	0	2	23	12	15	1	6	10	39	43	231	15	171	0	36	56	19	19	0	0	0	0	0	0	268	68	84	3	14	119	146	80	3	0	0	44	170	49	37	24	91	24	0	346	0	48	59	22	8	48	23	38	12	0	131	77	31	0	6	32	343	0	241	81	34	3	88	65	6	22	4	11	19	6	14	0
30	4	7	4	2	3	0	25	47	18	59	20	0	13	41	21	0	7	19	13	51	347	136	329	21	73	0	38	19	22	27	43	66	36	0	134	45	67	3	35	159	317	103	6	2	0	0	154	85	44	38	30	0	8	662	0	87	94	44	31	11	8	114	85	11	246	214	54	0	12	65	515	5	265	163	34	0	159	49	9	43	13	16	48	0	10	0
31	7	2	2	0	3	0	6	24	42	119	8	0	19	0	51	1	6	13	13	34	231	60	300	32	73	75	38	28	22	13	107	44	36	2	301	23	34	6	7	198	268	91	13	0	2	76	232	61	44	38	76	24	25	482	0	77	82	55	20	21	8	38	72	16	311	46	23	0	18	49	472	0	458	65	34	0	106	65	0	11	8	27	29	6	5	2
32	11	12	11	0	7	3	25	24	61	159	16	0	36	17	15	1	11	19	13	77	521	106	214	0	91	56	19	19	33	13	64	44	0	0	234	23	50	14	28	40	244	68	9	4	2	65	340	36	44	34	30	24	17	512	0	97	70	22	22	16	15	57	85	5	393	138	62	0	12	65	472	5	362	98	68	6	71	97	0	33	21	32	67	19	33	7
33	15	5	0	0	0	5	38	24	103	218	12	0	13	29	46	4	7	22	91	43	231	121	129	21	36	75	0	19	33	20	171	111	18	0	167	113	50	14	35	119	219	68	15	6	7	54	201	24	44	48	61	47	17	632	0	106	59	33	3	37	0	76	72	0	360	168	15	3	6	59	450	5	338	130	41	8	88	0	3	54	21	38	67	0	10	2
34	11	7	0	2	0	5	6	47	79	59	20	0	39	41	36	3	9	29	26	17	347	75	271	0	36	75	19	28	33	27	64	89	18	0	33	90	67	6	0	198	219	80	16	6	2	44	201	36	22	10	30	0	42	346	0	97	129	33	11	21	8	0	24	0	197	61	23	3	9	32	257	0	97	65	7	3	53	49	0	22	0	5	38	6	43	2
35	11	22	9	0	0	16	50	94	85	218	52	2	23	17	51	9	19	54	78	162	463	166	214	43	36	75	19	38	11	61	107	89	91	7	134	204	118	14	35	159	97	182	30	8	5	44	262	36	52	55	91	47	59	497	13	116	82	77	14	21	23	57	60	16	622	214	46	0	18	59	279	5	241	81	55	8	53	49	3	33	33	43	58	6	14	7
36	4	27	2	2	10	3	44	59	139	139	28	11	32	37	67	3	16	76	65	60	463	106	157	21	91	112	94	28	65	34	85	44	18	2	33	45	50	8	35	79	146	34	30	15	7	33	170	49	37	21	15	47	50	361	0	48	82	55	25	5	8	0	48	16	213	31	8	0	6	27	193	5	72	16	27	3	71	32	0	33	0	5	19	6	19	7
37	22	22	2	2	3	5	50	141	133	297	24	0	32	33	103	10	30	67	169	85	752	75	100	21	91	75	19	28	11	40	43	89	36	2	67	45	0	6	21	317	171	80	47	15	5	44	170	36	59	55	122	47	50	181	7	135	70	88	20	37	23	19	60	33	246	92	8	0	6	5	193	0	48	49	0	3	0	16	0	33	8	11	58	0	5	11
38	15	42	18	0	3	5	81	118	139	277	20	0	13	29	103	9	23	48	78	221	347	166	100	0	73	56	38	19	54	13	107	22	36	5	100	45	168	8	56	119	219	46	29	8	4	22	232	24	37	52	122	24	34	60	0	97	23	33	31	11	15	57	36	22	311	46	85	0	18	22	129	5	24	49	27	0	0	16	0	11	8	5	38	0	0	7
39	18	17	11	0	3	3	56	82	109	178	12	0	16	21	88	16	21	73	169	196	694	75	114	11	73	75	38	66	98	27	64	89	18	4	67	0	17	3	14	159	171	34	43	25	16	11	154	49	52	34	122	95	34	75	7	68	47	88	14	16	15	0	72	5	180	46	8	0	9	16	150	5	48	16	14	3	0	65	6	11	17	5	10	0	0	14
40	11	37	27	0	3	11	44	236	91	317	81	7	10	33	82	18	40	63	104	417	2140	106	157	21	91	112	75	103	131	34	85	22	18	5	201	45	50	11	85	436	49	46	26	8	16	0	170	36	103	69	259	213	17	105	0	29	47	132	14	48	45	114	36	22	164	122	62	0	12	27	172	5	72	81	48	0	35	49	9	22	4	22	29	12	14	7
41	40	15	13	2	10	3	19	130	115	79	20	0	19	21	72	22	24	73	130	162	1388	136	71	0	182	93	75	75	141	40	107	89	18	7	134	90	50	6	21	317	97	0	29	12	13	11	108	109	29	31	167	189	34	30	0	29	35	99	25	43	53	38	36	22	131	107	54	0	12	32	64	0	97	65	27	0	88	16	9	22	8	5	10	0	5	11
42	22	37	22	2	3	5	38	130	127	238	40	2	23	29	67	22	48	54	220	281	1909	90	171	0	164	19	169	94	185	27	192	89	0	11	100	68	84	6	113	278	341	57	38	23	14	22	108	134	81	45	228	213	17	75	27	19	82	165	28	53	23	114	85	16	82	61	93	0	6	76	129	0	193	98	34	3	71	97	6	54	17	11	19	0	5	16
43	33	29	25	2	7	3	44	153	61	218	28	0	19	17	57	19	29	79	272	340	1157	106	257	0	327	280	131	150	392	27	171	133	18	4	134	90	34	17	85	476	365	34	29	15	16	22	185	109	111	27	228	189	25	15	13	0	23	253	25	75	15	246	24	11	98	107	77	3	6	70	300	5	265	163	48	8	176	16	0	76	8	27	29	6	0	11
44	51	12	9	5	3	0	44	47	42	159	36	2	19	37	62	22	26	44	169	374	1099	106	114	0	345	392	206	160	359	13	171	221	18	4	167	113	50	14	56	357	244	57	12	10	11	33	154	97	59	48	441	95	17	0	13	10	82	220	25	43	60	133	121	22	16	107	85	3	6	59	129	5	241	146	0	0	71	130	0	54	13	43	29	0	0	5
45	51	20	22	2	7	3	63	24	36	139	77	0	26	29	93	24	34	44	259	783	3124	151	314	43	654	429	169	367	576	40	427	221	109	9	301	158	151	44	204	952	341	68	18	21	9	22	293	121	155	52	380	592	25	90	0	29	117	418	53	43	105	455	72	11	98	352	271	3	18	113	643	11	458	114	55	3	194	211	12	152	25	32	77	0	0	2
46	51	20	13	2	0	0	50	24	30	139	44	2	13	46	62	10	30	41	207	783	2140	211	243	21	763	261	469	310	576	54	406	243	127	5	368	136	50	11	106	397	390	23	16	17	11	76	370	85	170	41	441	450	17	90	0	19	164	451	59	96	98	417	145	5	49	367	194	0	9	113	429	5	676	228	150	6	282	324	6	76	29	38	58	6	5	2
47	51	2	20	0	0	3	56	59	12	159	56	0	29	29	149	16	26	82	285	774	2834	256	286	54	1036	485	394	357	576	34	427	288	145	4	301	249	168	42	162	991	487	114	14	6	16	76	278	219	140	55	578	686	50	30	0	58	223	594	42	107	113	455	314	5	115	352	201	3	15	124	772	11	844	309	109	6	247	243	0	119	46	75	115	6	0	7
48	47	17	25	0	0	0	75	106	30	238	64	2	58	50	98	15	19	70	337	834	3182	301	371	11	1163	634	413	536	881	67	449	753	326	14	402	543	218	42	183	1229	609	137	7	12	13	98	401	182	229	17	456	1018	67	120	0	87	223	605	34	96	120	682	169	5	147	566	302	6	15	243	879	16	869	374	178	3	194	487	14	217	59	129	202	6	10	7
49	25	2	13	4	3	3	56	106	6	99	28	0	23	33	154	9	9	54	207	493	1735	211	314	75	1199	354	469	404	740	61	491	266	218	2	368	271	252	33	141	516	609	182	6	4	0	142	355	182	147	24	198	142	50	45	0	29	246	297	25	43	90	588	411	5	82	230	170	6	9	167	472	11	748	325	123	6	212	470	3	141	50	59	154	6	5	2
50	29	17	31	2	10	3	100	141	30	515	141	0	23	83	124	13	19	70	376	970	5033	377	429	96	1417	727	769	470	870	101	790	1085	254	7	1037	950	588	67	486	2617	634	365	6	8	18	174	818	206	324	79	487	947	50	241	0	97	293	363	87	101	143	720	375	16	328	796	240	6	24	200	1372	38	1303	455	280	3	282	714	14	423	71	102	308	0	14	5
51	11	5	20	9	0	0	81	177	12	396	72	2	19	66	201	12	11	98	376	476	3587	256	443	96	945	802	807	442	827	94	812	576	363	11	1037	769	302	75	324	1428	1072	422	13	8	5	196	617	206	251	34	517	710	59	271	0	116	352	451	62	69	158	607	568	5	213	413	256	9	27	232	772	22	1062	488	274	6	282	568	6	337	88	102	346	0	5	7
52	18	22	29	9	10	8	106	200	18	476	149	7	26	87	288	6	30	92	415	536	3297	392	414	289	1308	1492	975	573	783	115	833	775	417	14	1673	1040	655	81	345	1586	1170	650	9	8	9	283	617	328	465	76	502	1065	84	286	0	232	340	594	103	155	143	644	580	5	295	444	263	12	27	340	1115	11	1399	504	260	14	476	681	9	293	113	129	481	6	5	18
53	15	17	56	12	14	0	63	188	30	555	109	7	36	83	247	15	30	89	402	468	2314	482	471	279	1054	951	750	414	511	175	876	708	435	9	1506	973	470	64	317	1388	1706	866	23	15	5	381	648	243	295	76	517	757	159	406	13	251	657	638	106	149	218	720	942	27	377	505	325	3	15	319	1372	11	1230	715	308	3	688	698	14	326	100	113	481	0	38	16
54	25	12	18	2	10	0	69	259	48	535	68	0	36	66	201	12	17	76	272	170	2892	362	443	225	472	746	713	338	392	148	491	797	381	19	1573	679	285	47	261	714	828	1003	8	4	5	479	525	121	221	65	472	734	126	346	0	184	446	418	50	149	120	417	677	5	491	413	209	12	18	167	815	16	965	358	123	17	547	681	12	261	105	129	414	6	14	11
55	25	29	78	9	14	0	150	377	24	1189	161	0	29	79	299	18	41	165	363	366	2372	497	529	450	727	933	619	432	359	209	918	841	907	42	2309	1380	403	81	451	1507	1340	1094	27	17	5	599	695	473	560	137	517	947	260	602	13	367	469	616	103	176	203	588	1027	22	704	719	441	18	54	329	1715	11	1037	455	233	20	582	649	9	423	176	188	491	0	14	32
56	40	12	49	11	10	0	119	365	73	832	153	5	36	91	345	21	48	165	441	136	983	332	514	418	600	466	619	244	261	216	940	819	744	40	1573	679	571	47	324	793	1413	1185	13	12	11	675	525	303	361	69	593	947	176	482	7	319	411	451	84	171	315	569	858	33	410	352	318	6	18	173	815	11	579	537	219	31	582	470	12	347	105	129	394	0	10	37
57	11	10	58	2	10	3	132	412	73	535	169	2	29	62	335	12	48	146	259	153	752	332	343	493	400	578	525	179	152	182	705	797	653	55	669	430	403	78	226	555	950	798	23	23	20	523	324	219	243	93	609	639	226	286	20	358	446	385	89	203	255	455	459	27	393	367	240	15	27	243	429	0	724	455	191	20	494	600	6	304	126	140	356	0	10	46
58	33	27	63	7	24	8	150	247	103	555	125	2	16	95	185	24	44	140	363	145	636	332	400	450	254	373	394	113	185	216	577	664	617	60	1707	769	420	44	141	754	877	1037	3	12	22	566	556	267	280	120	730	994	260	482	40	358	528	407	126	203	248	417	495	71	622	214	341	18	39	216	879	0	314	325	301	14	494	308	3	271	88	194	404	0	14	37
59	25	15	43	4	7	0	63	212	79	535	68	5	13	33	144	25	56	95	246	111	463	256	329	246	164	205	356	66	163	216	491	221	399	48	602	204	235	33	99	357	536	501	11	14	20	349	370	231	192	65	411	189	109	241	47	261	516	297	70	197	240	303	350	49	180	214	178	21	36	140	322	0	265	179	130	8	459	162	3	195	67	91	231	0	5	28
60	44	37	78	12	24	5	213	389	79	812	209	11	26	91	165	22	51	114	376	119	463	392	300	429	91	187	206	66	185	169	705	531	599	132	1506	543	302	31	127	357	780	399	21	14	30	490	324	352	450	206	426	379	302	181	107	222	176	429	109	192	300	512	387	126	426	398	310	32	84	119	536	5	386	195	191	6	547	178	0	304	134	140	173	0	5	53
61	25	29	40	12	27	0	81	259	103	594	72	5	36	46	149	18	41	133	493	26	347	151	271	246	273	224	338	38	98	101	470	266	326	100	569	362	84	22	70	476	609	330	16	14	48	381	216	291	243	103	259	260	184	120	54	155	188	385	89	187	225	360	326	104	213	153	209	21	21	86	193	5	290	211	198	17	476	146	3	130	59	75	183	0	0	32
62	69	51	54	7	48	3	125	165	151	476	109	5	16	95	160	18	43	101	311	9	231	286	200	225	127	242	319	47	76	121	577	465	218	113	736	226	134	33	120	238	414	217	9	27	30	240	309	219	265	127	350	237	260	30	40	106	246	253	73	229	338	303	266	88	197	291	217	44	30	135	193	0	193	98	171	8	512	65	0	141	67	118	164	0	5	30
63	62	39	49	7	58	3	94	130	127	594	60	7	16	46	149	13	33	108	298	9	58	271	157	171	109	56	281	19	33	88	449	177	145	63	201	158	168	31	35	79	268	125	6	23	34	272	77	158	140	69	320	213	142	60	20	87	106	143	42	187	225	284	157	66	278	138	116	41	45	49	107	5	121	195	123	17	476	97	0	98	67	91	58	0	0	34
64	47	25	22	7	37	14	38	212	127	535	28	0	29	74	139	13	16	79	259	0	0	136	214	182	55	168	113	19	33	74	85	89	36	56	301	136	84	22	70	238	244	91	7	8	30	131	46	134	155	65	167	95	126	60	74	68	106	121	39	160	195	133	109	77	213	77	155	47	30	54	107	5	97	114	75	8	282	49	0	76	17	156	96	0	0	30
65	62	32	47	9	65	5	125	212	103	555	77	2	39	99	93	21	23	111	220	9	116	121	257	96	145	0	113	28	22	128	171	133	163	60	469	158	50	25	42	278	195	68	3	17	38	142	108	97	170	100	137	118	126	45	7	39	106	66	48	181	203	76	145	60	229	61	116	67	48	49	193	5	24	33	116	6	371	32	0	76	38	118	29	0	0	25
66	47	22	27	9	48	8	69	94	145	178	40	7	23	58	118	21	19	108	143	0	0	75	143	75	109	37	131	9	22	88	150	0	36	26	100	90	17	25	14	79	122	57	3	4	22	120	93	36	52	34	137	0	59	30	13	0	82	55	20	75	128	76	157	44	66	15	54	44	36	22	21	5	72	0	103	17	176	32	0	43	4	43	48	0	0	21
67	25	25	22	12	71	5	63	94	109	317	28	0	16	66	72	27	13	44	143	0	116	106	143	86	91	0	38	0	33	34	107	66	91	14	201	158	34	19	21	119	73	11	1	6	11	44	62	49	52	38	76	24	50	15	20	48	47	22	6	75	68	114	60	33	131	15	23	35	36	22	43	0	97	0	62	6	88	0	0	0	13	54	10	6	0	5
68	44	42	18	12	31	3	81	59	115	317	48	9	13	33	46	12	11	63	65	0	0	90	114	32	55	93	75	9	0	61	85	0	73	5	33	113	50	17	21	0	24	11	2	12	13	44	31	36	52	10	61	24	25	0	0	19	12	11	17	64	30	38	24	27	82	31	23	41	9	5	21	5	48	16	48	11	53	0	0	11	8	43	19	0	5	11
69	44	20	2	19	7	3	69	106	42	40	8	0	10	21	15	24	10	63	13	0	0	45	71	11	91	37	56	0	0	27	85	22	54	2	0	45	17	6	7	40	0	11	1	4	4	54	0	0	0	21	46	24	25	0	0	0	0	0	3	43	60	19	12	16	16	15	15	23	18	0	0	0	48	0	27	0	35	0	0	0	4	11	0	0	0	9
70	47	37	13	21	48	8	75	24	42	218	20	2	6	25	41	15	7	35	13	0	0	30	29	32	91	56	38	0	11	34	0	66	54	5	0	23	0	8	28	0	0	0	1	0	9	65	0	24	22	3	46	0	17	15	0	0	0	0	8	27	8	19	12	5	98	0	8	23	9	5	0	0	24	0	14	3	71	0	0	11	17	16	0	0	0	0
71	47	15	9	18	27	5	38	0	30	20	20	2	6	21	31	9	11	44	13	0	0	15	14	32	73	19	38	0	0	34	21	22	18	4	100	45	0	6	14	0	0	11	0	2	5	11	0	0	7	7	15	0	17	0	0	0	12	11	8	16	0	19	12	5	16	0	0	12	9	0	0	0	0	0	14	3	0	0	0	0	13	11	0	0	0	0
72	44	22	22	18	7	0	56	47	6	20	8	2	3	8	10	9	0	13	0	0	0	15	0	0	0	0	19	0	0	7	0	0	18	0	33	23	0	0	0	0	0	0	1	2	4	33	0	0	0	3	0	0	0	0	0	0	0	0	0	5	0	0	12	0	0	0	0	6	9	5	0	5	0	0	7	0	18	0	0	0	4	5	10	0	0	2
73	73	5	11	16	24	0	56	24	6	0	4	0	6	4	5	13	0	16	0	0	0	15	0	11	0	0	0	0	0	13	0	0	0	0	0	0	0	0	7	0	0	11	0	0	4	0	0	0	0	0	0	0	0	0	0	0	0	0	0	0	0	0	0	0	0	0	0	3	0	5	0	11	0	0	7	0	0	0	0	0	0	5	0	6	0	0
74	47	10	4	11	3	0	31	12	6	20	4	0	0	0	5	6	0	3	0	0	0	0	14	0	0	0	0	0	0	7	0	22	0	0	33	0	0	0	7	0	0	11	0	2	2	0	0	0	7	0	0	0	0	0	0	0	0	0	0	0	0	0	0	0	0	0	0	0	0	0	0	11	0	0	7	3	0	0	0	0	0	0	0	0	0	0
75	22	10	11	7	0	3	6	0	6	40	0	0	0	0	5	4	1	0	0	0	0	0	14	0	0	0	0	0	0	0	0	0	0	2	0	0	0	0	0	0	0	0	0	2	2	0	0	0	0	0	0	0	0	0	0	0	0	11	0	0	0	0	0	0	0	0	0	0	0	0	0	0	0	0	0	0	0	0	0	0	0	0	0	0	0	0
76	15	15	2	12	0	0	0	0	18	0	0	0	0	0	0	1	0	6	0	0	0	0	0	11	0	0	0	0	0	0	0	0	0	0	0	0	0	0	0	0	0	0	0	0	0	11	0	0	0	0	0	0	0	0	0	0	0	0	0	0	0	0	0	0	0	0	0	0	0	0	0	0	0	0	0	0	0	0	0	0	0	5	0	0	0	0
77	11	2	2	12	3	3	0	0	0	0	0	0	0	0	0	6	0	0	0	0	0	0	14	0	0	0	0	0	0	0	0	0	0	0	0	0	0	0	0	0	0	0	0	0	0	0	0	0	0	0	0	0	0	0	0	0	0	0	0	0	0	0	0	0	0	0	0	0	0	0	0	0	0	0	0	0	0	0	0	0	0	0	0	0	0	0
78	4	2	0	7	0	0	0	0	0	0	0	0	0	0	0	0	0	0	0	0	0	0	0	0	0	0	0	0	0	0	0	0	0	0	0	0	0	0	0	0	0	0	0	0	0	0	0	0	0	0	0	0	0	0	0	0	0	0	0	0	0	0	0	0	0	0	0	0	0	0	0	0	0	0	0	0	0	0	0	0	0	0	0	0	0	0
79	7	0	0	4	0	0	0	0	0	0	0	0	0	0	0	0	0	0	0	0	0	0	0	0	0	0	0	0	0	0	0	0	0	0	0	0	0	0	0	0	0	0	0	0	0	0	0	0	0	0	0	0	0	0	0	0	0	0	0	0	0	0	0	0	0	0	0	0	0	0	0	0	0	0	0	0	0	0	0	0	0	0	0	0	0	0
80	4	0	0	2	3	0	6	0	0	0	0	0	0	0	0	0	0	0	0	0	0	0	0	0	0	0	0	0	0	0	0	0	0	0	0	0	0	0	0	0	0	0	0	0	0	0	0	0	0	0	0	0	0	0	0	0	0	0	0	0	0	0	0	0	0	0	0	0	0	0	0	0	0	0	0	0	0	0	0	0	0	0	0	0	0	0
81	0	0	0	2	0	0	0	0	0	0	0	0	0	0	0	0	0	0	0	0	0	0	0	0	0	0	0	0	0	0	0	0	0	0	0	0	0	0	0	0	0	0	0	0	0	0	0	0	0	0	0	0	0	0	0	0	0	0	0	0	0	0	0	0	0	0	0	0	0	0	0	0	0	0	0	0	0	0	0	0	0	0	0	0	0	0
82	4	0	2	5	0	0	0	0	0	0	0	0	0	0	0	0	0	0	0	0	0	0	0	0	0	0	0	0	0	0	0	0	0	0	0	0	0	0	0	0	0	0	0	0	0	0	0	0	0	0	0	0	0	0	0	0	0	0	0	0	0	0	0	0	0	0	0	0	0	0	0	0	0	0	0	0	0	0	0	0	0	0	0	0	0	0
83	0	0	0	2	0	0	0	0	0	0	0	0	0	0	0	0	0	0	0	0	0	0	0	0	0	0	0	0	0	0	0	0	0	0	0	0	0	0	0	0	0	0	0	0	0	0	0	0	0	0	0	0	0	0	0	0	0	0	0	0	0	0	0	0	0	0	0	0	0	0	0	0	0	0	0	0	0	0	0	0	0	0	0	0	0	0
84	0	0	0	0	0	0	0	0	0	0	0	0	0	0	0	0	0	0	0	0	0	0	0	0	0	0	0	0	0	0	0	0	0	0	0	0	0	0	0	0	0	0	0	0	0	0	0	0	0	0	0	0	0	0	0	0	0	0	0	0	0	0	0	0	0	0	0	0	0	0	0	0	0	0	0	0	0	0	0	0	0	0	0	0	0	0
85	0	0	0	0	0	0	0	0	0	0	0	0	0	0	0	0	0	0	0	0	0	0	0	0	0	0	0	0	0	0	0	0	0	0	0	0	0	0	0	0	0	0	0	0	0	0	0	0	0	0	0	0	0	0	0	0	0	0	0	0	0	0	0	0	0	0	0	0	0	0	0	0	0	0	0	0	0	0	0	0	0	0	0	0	0	0
86	0	0	0	0	0	0	0	0	0	0	0	0	0	0	0	0	0	0	0	0	0	0	0	0	0	0	0	0	0	0	0	0	0	0	0	0	0	0	0	0	0	0	0	0	0	0	0	0	0	0	0	0	0	0	0	0	0	0	0	0	0	0	0	0	0	0	0	0	0	0	0	0	0	0	0	0	0	0	0	0	0	0	0	0	0	0
87	0	0	0	0	0	0	0	0	0	0	0	0	0	0	0	0	0	0	0	0	0	0	0	0	0	0	0	0	0	0	0	0	0	0	0	0	0	0	0	0	0	0	0	0	0	0	0	0	0	0	0	0	0	0	0	0	0	0	0	0	0	0	0	0	0	0	0	0	0	0	0	0	0	0	0	0	0	0	0	0	0	0	0	0	0	0
88	0	0	0	0	0	0	0	0	0	0	0	0	0	0	0	0	0	0	0	0	0	0	0	0	0	0	0	0	0	0	0	0	0	0	0	0	0	0	0	0	0	0	0	0	0	0	0	0	0	0	0	0	0	0	0	0	0	0	0	0	0	0	0	0	0	0	0	0	0	0	0	0	0	0	0	0	0	0	0	0	0	0	0	0	0	0
89	0	0	0	0	0	0	0	0	0	0	0	0	0	0	0	0	0	0	0	0	0	0	0	0	0	0	0	0	0	0	0	0	0	0	0	0	0	0	0	0	0	0	0	0	0	0	0	0	0	0	0	0	0	0	0	0	0	0	0	0	0	0	0	0	0	0	0	0	0	0	0	0	0	0	0	0	0	0	0	0	0	0	0	0	0	0
90	0	0	0	0	0	0	0	0	0	0	0	0	0	0	0	0	0	0	0	0	0	0	0	0	0	0	0	0	0	0	0	0	0	0	0	0	0	0	0	0	0	0	0	0	0	0	0	0	0	0	0	0	0	0	0	0	0	0	0	0	0	0	0	0	0	0	0	0	0	0	0	0	0	0	0	0	0	0	0	0	0	0	0	0	0	0
Longitudes que separan los grupos:																																																																																						
16	25	32	37	43	47																																																																																	
Area barrida minima y maxima																																																																																						
0.002739	0.003557																																																																																					
Area Total del Banco																																																																																						
5907																																																																																						
