Atlantic Surf III UM B 2016																																																																																							
CLASES	LANCES																																																																																						
75	88																																																																																						
16	9	15	3	0	1	0	43	23	8	6	61	1	41	57	99	4	0	8	33	145	133	115	58	0	0	28	143	0	31	21	5	1	0	0	0	0	0	18	59	0	18	75	26	26	51	2	37	73	0	27	193	66	71	60	20	31	29	30	77	62	17	119	81	11	67	85	3	23	19	61	0	0	0	36	0	2	32	3	33	15	19	2	0	0	2	0	0
17	6	9	6	0	1	0	15	8	4	2	57	0	47	57	143	3	0	8	8	109	100	97	17	0	4	19	87	0	47	36	5	1	0	0	0	0	0	18	15	0	18	67	26	26	38	10	37	15	24	80	210	49	31	60	24	49	38	37	108	22	10	51	162	8	34	0	2	23	19	0	0	0	0	36	16	6	45	3	49	10	19	1	0	0	0	13	0
18	9	3	3	0	1	0	28	10	6	4	35	1	54	34	154	3	1	24	25	24	166	72	17	0	0	28	40	0	31	16	5	0	0	0	0	0	0	29	44	0	18	34	47	46	38	5	24	44	146	67	140	115	102	77	16	25	48	22	15	44	10	40	32	3	17	17	0	23	38	30	2	0	0	73	8	2	13	0	90	7	0	0	0	0	2	20	0
19	0	3	5	0	0	0	15	0	0	4	31	0	27	45	197	1	1	8	0	169	199	24	12	0	0	46	56	0	55	5	5	0	0	1	0	0	0	0	59	0	3	59	17	0	13	12	37	29	24	40	140	49	16	9	11	19	29	11	15	26	10	40	16	3	101	102	5	19	19	0	0	0	0	0	16	0	19	0	8	2	0	0	0	0	0	0	0
20	3	0	3	1	0	0	31	3	4	4	61	4	27	57	66	2	0	0	8	12	100	60	6	3	4	19	80	0	55	16	7	1	0	0	7	0	0	14	15	0	3	42	21	7	6	5	37	73	73	13	123	66	31	17	7	25	38	11	31	31	13	28	0	8	34	34	3	8	25	0	0	0	3	36	16	2	19	3	65	10	0	1	0	0	0	13	0
21	6	0	0	0	0	1	18	3	0	4	35	2	14	57	33	0	0	8	25	85	33	18	6	0	0	19	48	1	23	16	2	1	0	0	7	0	0	11	15	0	6	67	34	33	19	10	12	15	49	40	123	16	8	17	4	19	10	4	0	9	7	51	65	14	0	85	7	4	13	61	0	0	0	36	8	2	19	3	8	10	25	2	0	0	0	13	0
22	0	6	0	0	2	0	8	0	2	4	9	2	20	34	66	0	0	0	0	0	100	12	6	3	0	9	64	1	23	10	3	0	1	0	0	0	0	11	15	0	6	25	21	20	19	0	0	29	24	67	88	16	39	26	4	31	10	11	15	31	3	17	146	0	17	51	2	0	25	61	4	0	0	73	8	8	26	0	24	7	0	0	0	0	0	0	0
23	0	0	0	0	4	0	5	0	0	0	0	0	7	23	55	0	0	8	0	48	33	6	0	0	0	28	32	0	62	5	2	0	0	0	0	0	0	7	0	0	6	25	17	26	13	10	12	15	24	80	88	33	0	17	4	0	19	0	46	22	3	6	32	8	51	51	2	8	25	30	0	0	0	0	8	4	19	0	49	10	19	1	0	0	0	7	0
24	3	0	0	0	1	1	3	3	0	0	0	0	20	11	22	0	0	0	0	12	33	6	6	0	0	28	24	0	31	10	0	0	0	0	0	0	0	4	15	0	3	17	30	33	19	0	0	15	24	67	70	0	0	9	0	6	10	0	15	4	7	6	32	0	34	34	2	0	19	91	0	0	0	36	25	0	13	3	41	5	6	0	0	0	0	7	0
25	6	0	0	1	3	0	3	5	0	0	9	1	27	28	0	0	0	8	25	48	133	36	35	0	4	84	64	1	39	0	0	0	0	0	0	0	0	7	59	0	15	25	21	46	25	0	0	73	73	67	0	16	8	9	1	25	29	0	31	18	7	28	81	0	67	34	2	11	57	122	0	0	0	73	41	10	26	9	73	22	6	0	0	0	0	7	0
26	3	0	0	1	1	0	5	0	0	6	4	0	27	23	0	0	0	16	0	48	33	24	17	0	0	37	56	0	62	5	2	0	0	0	0	0	0	7	59	0	15	25	17	53	13	2	24	87	49	94	35	33	8	26	0	0	0	0	62	13	27	23	65	0	34	102	2	8	38	183	0	0	0	36	33	4	26	3	98	22	13	0	0	0	0	0	0
27	0	0	0	0	0	0	5	0	0	2	9	0	27	17	22	0	0	0	0	60	100	0	6	0	0	28	16	0	86	36	5	0	0	0	0	0	2	11	30	0	18	185	43	39	38	5	61	44	24	268	70	33	0	17	13	43	0	0	15	4	13	68	49	0	34	102	12	11	50	30	0	0	0	91	33	14	32	6	81	25	19	0	0	0	0	0	0
28	0	3	0	0	2	0	3	0	0	0	17	1	20	34	22	0	0	8	0	48	66	6	23	0	0	65	64	3	117	21	0	0	0	0	0	0	0	29	74	0	30	109	30	53	44	2	110	87	49	241	70	33	31	43	3	19	10	15	46	0	10	23	65	3	67	152	9	11	82	243	2	0	0	73	33	10	19	6	90	20	0	0	0	0	0	0	0
29	6	0	0	0	1	0	8	0	2	2	4	0	41	23	11	0	0	0	8	24	133	6	12	0	0	37	56	0	140	21	2	0	0	0	0	0	0	22	59	0	12	84	13	59	44	5	0	29	122	174	140	165	24	43	1	19	0	0	0	0	7	11	114	3	67	51	7	4	69	91	0	0	0	127	74	4	26	12	73	17	13	0	0	0	0	0	0
30	0	3	0	0	1	0	8	13	6	4	9	2	41	11	22	0	0	8	8	24	166	48	52	0	4	130	223	0	187	26	2	0	0	0	0	0	2	43	74	2	24	50	47	92	51	10	49	160	122	201	123	99	16	26	1	19	29	7	46	9	44	51	97	3	270	169	10	11	114	243	4	0	0	200	98	28	77	6	244	67	19	1	0	0	0	7	0
31	6	6	0	0	2	0	8	5	0	0	17	0	41	34	33	0	0	0	16	85	0	6	6	0	0	56	72	0	101	10	7	0	0	0	0	0	0	36	44	3	33	168	60	66	44	5	24	116	146	322	70	148	39	52	6	6	0	11	46	9	27	62	260	5	135	203	15	19	63	152	2	0	3	127	82	33	122	16	138	15	19	1	0	0	2	13	0
32	0	0	0	0	3	0	25	13	2	6	57	1	88	45	33	0	2	8	41	12	66	36	23	0	0	111	183	1	234	36	3	0	0	0	0	0	0	65	148	3	15	159	77	105	76	14	37	73	73	295	70	66	16	34	4	31	10	30	93	35	27	68	211	3	51	135	24	11	126	30	2	0	0	91	65	30	83	9	285	49	44	2	0	0	0	26	0
33	0	3	0	1	0	0	15	5	4	2	22	0	88	40	0	0	0	48	25	72	133	48	12	0	4	65	95	1	187	36	5	0	0	0	0	0	0	43	59	2	30	126	43	131	133	12	12	102	24	268	193	148	24	34	4	25	0	11	15	4	17	62	130	3	101	135	34	15	63	122	2	0	3	73	123	43	102	3	171	32	50	3	0	0	2	33	0
34	0	3	0	0	1	0	5	5	0	4	9	2	122	40	22	1	0	40	8	36	66	36	40	0	0	93	80	3	133	41	12	0	0	0	0	0	2	62	119	2	39	151	51	72	76	10	37	15	49	241	210	82	31	17	6	31	29	11	31	35	20	56	195	5	152	152	14	26	95	183	0	0	0	36	65	39	96	9	155	20	69	2	0	0	0	26	1
35	0	3	0	0	0	0	23	13	12	8	9	0	61	40	55	0	0	32	41	0	199	91	46	0	4	93	159	0	140	26	9	0	0	0	0	0	0	90	163	5	39	67	51	33	44	12	12	73	24	228	140	82	55	43	6	31	29	11	31	22	10	85	179	3	135	135	19	19	164	183	2	0	5	127	90	39	70	9	252	49	44	2	0	0	5	59	2
36	0	6	0	0	0	0	13	13	8	4	57	1	75	45	11	0	0	48	41	48	66	66	52	0	0	121	95	1	203	21	17	0	0	0	0	0	0	98	119	5	24	92	81	53	63	22	24	102	122	308	158	82	39	77	4	25	57	19	62	26	47	62	195	11	101	169	36	34	69	91	2	0	5	18	90	61	70	6	228	62	57	6	0	0	2	52	0
37	6	6	2	0	0	0	15	0	4	4	22	3	115	90	88	0	1	72	33	85	33	60	29	0	4	102	119	1	148	21	20	0	0	0	7	0	0	112	89	2	15	101	51	118	76	29	37	131	49	362	193	82	16	17	7	25	19	15	31	35	13	28	195	3	84	102	29	34	88	30	0	0	0	54	98	49	83	9	147	42	57	7	0	0	7	79	0
38	9	3	2	0	0	0	28	15	12	4	57	5	102	124	88	0	1	120	33	72	100	103	69	0	4	111	135	6	109	16	26	2	0	0	0	0	0	156	104	4	12	176	64	92	51	31	49	29	122	228	140	0	63	43	14	62	10	22	46	35	27	40	146	8	118	203	34	53	76	152	0	0	0	73	65	47	83	6	122	37	44	11	0	0	7	157	0
39	9	6	0	0	0	0	23	15	0	11	39	8	81	85	33	0	0	24	33	72	66	78	52	0	0	84	16	8	117	31	22	0	0	0	0	6	0	65	59	3	18	84	51	79	38	46	49	73	49	147	123	82	55	17	8	0	38	22	15	44	23	45	81	5	202	152	22	26	57	61	2	0	0	127	90	45	58	9	130	20	44	4	0	0	7	125	2
40	15	21	0	1	0	0	64	13	18	8	57	17	68	102	77	0	0	56	25	48	166	139	63	0	4	102	143	3	148	10	15	0	1	0	0	2	2	199	74	7	21	92	77	66	38	55	61	87	24	94	35	49	118	77	7	37	29	22	62	31	54	34	146	3	118	68	33	57	69	213	4	0	0	18	74	69	77	12	122	42	31	13	0	0	30	216	0
41	21	15	2	1	1	0	25	13	12	6	44	17	88	187	88	1	1	96	49	36	33	84	86	0	4	74	72	5	172	5	27	3	0	0	0	4	2	148	44	9	30	117	77	66	44	58	37	73	97	188	70	33	63	69	6	19	0	19	46	26	34	28	97	11	67	85	33	49	38	213	0	0	3	36	163	55	77	6	73	27	94	8	0	0	32	229	2
42	21	9	0	0	2	0	48	15	10	11	48	24	75	107	197	1	1	80	16	48	100	103	132	7	8	93	48	6	109	10	19	0	0	0	15	4	0	123	0	6	18	67	21	33	38	19	24	102	0	107	105	49	55	17	3	31	48	19	77	40	20	17	97	3	34	102	19	15	82	213	4	0	0	36	106	39	83	3	49	20	38	6	0	0	37	288	0
43	37	6	0	0	4	0	13	10	2	6	31	8	115	124	44	1	4	80	16	109	33	30	52	0	0	28	72	6	78	26	22	1	0	1	7	2	0	76	74	2	27	67	30	79	57	46	12	73	49	94	88	16	86	69	1	25	38	19	46	101	47	17	114	3	34	85	17	57	44	183	4	0	0	36	114	26	45	0	49	39	75	4	0	0	57	197	1
44	9	0	0	0	2	1	18	15	6	8	17	16	47	90	77	1	1	40	25	60	66	78	81	0	0	56	24	4	78	21	27	0	0	0	0	2	0	62	30	1	30	101	26	39	19	19	24	15	24	134	18	49	149	103	3	12	19	19	62	48	44	23	114	11	51	186	17	26	25	304	4	0	0	73	82	33	58	0	33	27	50	9	1	0	30	216	0
45	21	3	3	0	2	0	46	13	8	6	44	16	68	57	55	0	1	64	41	85	166	84	115	3	0	84	103	5	78	31	24	0	0	0	0	10	2	98	89	7	48	42	51	33	51	14	61	44	24	134	53	33	102	26	3	31	48	33	93	88	50	17	97	5	135	169	9	38	88	852	2	0	3	109	65	20	51	0	90	30	44	4	0	0	79	236	3
46	12	6	0	2	2	0	33	15	14	4	17	12	183	119	44	0	1	24	33	145	166	30	115	0	0	46	56	6	148	52	14	1	0	0	0	6	0	47	119	6	36	75	30	33	25	22	49	73	0	121	140	66	63	86	10	43	57	0	77	75	60	45	16	8	84	85	0	45	44	517	0	0	3	145	155	28	45	0	98	30	63	2	0	0	134	59	2
47	12	3	2	1	2	0	18	10	8	8	9	3	163	85	44	0	4	112	58	121	166	24	75	0	4	56	56	6	70	67	20	4	0	0	0	0	0	54	133	1	42	84	39	53	25	17	110	73	73	214	158	82	126	43	10	62	38	11	46	88	50	40	65	11	51	102	7	41	63	426	8	0	0	200	49	18	38	9	49	27	69	3	0	0	94	52	1
48	12	9	0	2	6	2	28	10	14	9	22	11	149	45	55	0	3	88	58	169	232	91	144	0	8	111	111	6	148	78	10	1	0	0	0	2	4	40	252	2	85	92	21	59	38	19	37	58	146	255	228	181	126	60	11	93	38	19	201	136	47	23	114	5	118	203	10	49	69	883	12	0	0	91	90	37	90	9	98	27	44	3	0	0	102	111	1
49	6	9	3	0	3	0	13	3	10	8	13	3	156	51	55	0	2	32	33	109	166	42	178	3	0	74	80	0	94	41	3	0	0	0	15	0	0	18	74	2	100	50	26	26	51	10	73	102	170	174	193	49	102	43	7	62	96	15	155	66	74	40	81	11	185	152	14	49	44	670	2	3	0	145	114	16	134	6	138	27	82	3	1	0	97	39	1
50	9	12	0	3	2	1	15	53	16	26	44	17	122	45	88	0	3	48	49	109	863	133	322	0	4	158	191	5	133	52	27	0	0	0	7	0	2	58	267	8	85	151	51	118	38	10	122	204	122	134	315	165	157	69	16	43	124	26	310	88	70	40	146	8	270	220	9	60	107	1004	13	0	3	272	106	28	70	12	195	20	57	1	2	0	87	66	0
51	25	21	3	2	3	0	10	18	10	21	17	8	197	102	165	1	9	96	99	169	631	127	178	0	0	111	95	9	211	155	10	5	1	1	0	0	0	40	222	8	88	185	103	118	63	12	171	218	438	255	385	165	165	215	17	49	48	7	310	44	64	85	195	41	371	203	26	72	95	791	8	0	0	290	147	45	141	0	98	20	94	4	3	0	82	98	0
52	43	15	2	3	2	0	23	53	34	40	61	15	163	45	110	2	4	152	115	290	1460	103	334	0	25	334	151	3	140	72	9	1	0	0	7	0	6	72	430	13	63	176	56	92	70	17	171	233	244	268	368	214	126	155	16	56	306	45	558	110	34	85	195	33	304	102	5	57	189	1096	12	0	0	327	106	14	70	0	269	20	82	2	0	8	42	118	0
53	31	30	5	0	2	1	10	38	30	36	13	7	102	51	121	0	4	88	82	375	1195	97	248	3	17	121	87	5	140	98	5	4	1	0	0	2	0	58	385	13	75	168	90	105	82	27	146	146	560	255	438	395	110	163	17	68	134	19	480	35	40	51	308	27	287	220	15	75	101	761	2	0	3	453	49	26	90	0	187	30	75	2	2	0	25	52	0
54	15	39	2	1	1	1	13	38	30	19	22	16	95	62	132	0	5	72	82	278	1062	133	178	7	25	195	111	5	140	52	10	1	0	0	7	6	0	25	282	11	36	168	30	138	76	14	158	116	414	174	315	181	126	43	11	37	201	22	387	57	40	40	130	25	320	186	2	45	164	913	2	1	0	290	65	16	51	3	293	22	25	1	2	0	7	72	0
55	46	21	3	3	9	0	25	45	36	36	48	14	75	62	165	2	11	96	140	350	2887	181	374	3	13	390	254	12	187	98	24	1	1	1	7	16	9	43	371	20	66	226	103	177	114	10	244	495	585	348	385	444	133	189	11	111	450	74	744	110	70	107	455	85	388	203	12	30	202	1126	10	0	0	580	123	8	186	19	375	57	82	2	4	0	30	85	0
56	40	39	2	0	3	0	31	43	28	64	66	19	190	62	121	0	16	72	189	362	2721	320	248	3	8	176	246	4	203	135	26	2	1	2	15	12	0	36	400	33	57	176	64	125	101	12	329	349	585	188	473	313	126	181	23	86	392	119	852	92	64	130	292	82	489	322	10	57	240	1004	6	0	3	526	172	8	192	3	375	67	107	2	1	0	27	46	0
57	74	21	8	1	6	0	20	33	38	45	31	19	136	90	165	4	14	88	239	580	1527	211	121	0	17	334	191	12	296	93	29	6	0	2	7	0	0	43	326	15	63	210	69	131	114	14	353	277	511	268	543	444	79	198	7	62	507	67	713	53	64	90	666	77	371	288	9	57	177	822	6	0	8	653	147	4	147	3	326	81	189	1	0	0	20	46	0
58	111	42	11	0	3	1	41	65	38	59	100	10	129	85	230	2	16	88	288	507	2024	308	127	0	34	529	270	18	304	222	22	4	0	2	30	6	4	47	608	18	51	285	94	217	139	17	475	364	1145	241	648	411	71	206	18	148	469	104	589	92	74	164	519	82	472	389	17	64	322	1370	6	0	3	726	196	4	122	3	423	79	126	3	4	0	5	46	1
59	83	21	8	2	3	2	36	48	52	40	31	4	108	62	230	0	10	64	181	580	1493	199	132	7	38	306	135	9	289	166	32	6	2	7	22	12	0	29	311	11	57	226	90	204	139	17	305	116	974	322	613	181	55	189	10	86	478	85	465	66	64	203	438	71	337	372	12	41	328	943	0	1	5	544	188	12	134	12	309	47	126	0	5	0	12	33	0
60	68	48	9	3	0	2	51	115	76	91	118	5	61	102	252	2	10	56	132	362	2389	441	230	10	51	668	477	22	211	222	37	7	1	2	60	10	6	36	697	32	66	176	86	243	202	19	694	480	658	295	928	461	39	189	17	179	584	160	682	101	97	124	666	118	590	440	17	109	385	1674	6	0	5	544	212	14	211	9	521	94	157	1	4	8	12	46	0
61	74	57	12	1	6	0	43	63	56	68	57	3	149	124	340	3	21	128	313	532	1195	320	63	3	30	223	215	35	320	248	37	11	9	1	15	12	2	18	460	18	72	294	98	282	228	43	524	320	828	429	858	576	47	241	37	173	316	119	356	48	87	339	633	101	826	576	21	68	240	730	2	0	8	707	319	8	294	9	220	54	251	3	11	0	0	33	0
62	104	57	20	1	8	0	56	110	66	100	127	2	108	85	241	2	11	144	313	447	896	284	104	0	55	260	175	26	203	264	37	12	4	5	60	14	0	43	445	22	30	151	116	276	95	22	402	364	999	241	735	411	71	163	21	105	249	148	325	70	77	175	276	44	422	305	17	83	189	609	6	1	0	472	302	10	192	3	236	64	207	0	5	0	0	7	0
63	71	59	14	3	7	0	59	88	78	78	57	1	88	102	176	5	16	144	165	278	431	223	109	0	17	56	127	52	234	181	34	14	8	5	60	10	0	43	208	15	39	101	81	177	107	36	414	306	511	295	648	197	63	112	21	99	182	78	294	70	57	158	341	63	405	288	15	57	151	578	4	0	0	218	106	10	128	0	155	74	107	1	3	0	0	13	0
64	64	74	9	2	10	0	54	78	28	53	70	1	61	45	208	3	9	112	90	121	299	145	17	7	17	46	64	36	156	135	29	8	4	7	37	4	0	22	178	13	33	75	64	118	107	34	231	175	511	228	455	247	24	95	13	49	105	74	217	35	74	119	179	16	236	271	14	34	114	487	4	0	0	54	90	4	115	3	98	42	94	2	4	0	0	13	1
65	31	107	12	3	4	1	64	95	52	79	144	2	68	51	208	7	8	80	74	24	199	278	75	0	38	84	80	31	78	114	26	20	5	7	67	10	0	36	133	25	42	25	30	98	95	12	134	87	219	94	245	99	39	69	18	62	144	82	108	57	70	102	97	36	388	68	7	72	139	304	4	1	0	73	98	4	58	3	220	67	69	0	5	0	5	0	0
66	71	86	21	1	4	3	48	68	48	34	61	1	47	85	197	5	6	136	74	36	133	115	12	3	17	46	56	16	47	67	19	9	5	1	30	2	0	33	148	15	18	42	34	79	57	22	195	73	195	134	228	99	55	52	25	12	57	48	108	40	60	136	162	36	219	102	12	57	63	183	0	0	0	73	98	2	109	3	73	12	88	0	3	0	0	7	0
67	64	57	12	1	7	0	33	35	18	45	57	1	20	34	176	6	7	80	74	0	66	103	29	0	21	0	24	30	55	26	15	11	0	10	22	2	0	25	59	6	15	42	17	33	19	22	97	44	219	121	105	132	55	34	8	31	10	33	77	22	20	51	32	16	169	169	7	26	25	152	0	0	0	73	49	4	58	0	24	12	31	0	1	8	5	7	0
68	86	86	26	0	9	1	69	45	34	21	66	1	27	40	197	1	7	112	33	85	100	97	35	3	13	28	8	25	23	31	7	8	1	1	52	4	0	18	104	6	12	25	30	33	19	24	85	87	122	0	53	66	16	26	6	6	10	45	46	13	30	51	65	11	152	135	24	38	38	91	0	0	3	18	25	6	70	3	41	10	25	0	0	0	2	0	0
69	55	59	20	3	2	0	61	35	18	15	26	0	34	28	77	1	6	64	25	24	33	36	12	0	8	9	16	17	16	16	9	5	0	1	37	4	0	11	15	3	3	8	13	79	19	10	61	15	97	54	18	33	0	9	0	12	0	11	62	13	27	40	49	11	17	17	12	23	25	0	0	0	0	18	8	0	32	0	24	10	19	0	0	0	0	0	0
70	43	101	11	2	16	1	59	53	38	26	48	0	27	45	132	4	3	48	25	12	33	72	6	3	4	0	8	13	8	10	10	4	2	1	45	0	0	7	0	1	9	8	0	13	19	7	85	15	97	0	35	33	0	0	6	0	0	0	31	13	37	17	0	14	67	51	12	15	6	0	0	0	0	18	33	8	13	3	33	7	38	0	0	0	0	0	1
71	49	71	27	3	9	0	15	5	14	8	17	0	20	23	33	3	2	0	0	12	0	6	6	0	0	0	0	8	23	10	3	3	0	2	7	0	0	0	0	0	0	0	13	7	0	5	12	0	24	13	53	16	0	9	7	0	10	0	0	4	3	11	0	5	84	34	5	15	0	0	0	0	0	0	16	2	32	0	8	0	19	0	1	8	0	7	0
72	61	83	15	1	3	0	43	8	14	4	13	1	0	17	22	1	2	8	0	0	0	48	6	3	4	9	0	3	0	10	0	2	2	0	15	0	0	11	0	0	0	0	9	7	0	7	37	15	0	13	18	0	0	0	0	0	0	4	0	0	3	11	0	3	0	0	5	4	6	0	0	0	0	0	8	0	6	0	0	0	13	0	0	0	0	0	0
73	37	39	11	1	4	0	33	0	4	2	4	0	20	23	0	2	1	16	25	0	0	6	0	0	0	0	0	3	0	5	0	0	0	0	7	0	0	0	0	0	0	0	4	7	13	0	0	0	24	0	0	0	0	0	3	0	0	0	0	4	3	17	0	0	0	0	7	8	0	0	0	0	0	0	0	2	0	0	0	0	0	0	1	0	0	0	0
74	25	27	6	1	6	0	8	8	6	2	4	1	0	6	0	2	1	16	0	0	0	6	0	0	0	0	0	0	0	0	0	1	0	0	0	0	0	0	0	0	0	0	0	7	0	2	0	0	0	0	0	0	0	0	0	6	0	0	0	0	0	0	0	0	0	0	5	0	0	0	0	0	0	0	16	2	0	0	0	0	0	0	0	0	0	0	0
75	34	3	3	5	4	0	8	0	8	4	0	0	0	0	11	0	0	0	0	0	0	0	0	0	0	0	8	1	0	0	0	1	1	0	0	0	0	0	0	0	0	0	0	0	0	0	0	0	0	0	0	0	0	0	0	0	0	0	0	0	0	0	0	0	0	0	2	0	0	0	0	0	0	18	8	0	0	0	0	0	0	0	0	0	0	0	0
76	31	21	8	1	6	0	3	3	4	2	0	0	0	0	0	1	0	8	0	0	0	6	0	0	0	0	0	0	0	0	0	0	0	0	0	0	0	0	0	0	0	0	0	0	0	2	0	0	0	0	0	0	0	0	0	0	0	0	0	0	0	0	0	0	0	0	0	0	0	0	0	0	0	0	0	0	0	0	0	0	0	0	0	0	0	0	0
77	28	6	0	1	1	0	3	0	0	0	9	0	0	0	0	0	0	0	0	0	0	0	0	0	0	0	0	0	0	0	0	1	0	0	0	0	0	0	0	0	0	0	0	0	0	0	0	0	0	0	0	0	0	0	0	0	0	4	0	0	0	0	0	0	0	0	0	0	0	0	0	0	0	0	0	0	0	0	0	0	0	0	0	0	0	0	0
78	15	3	0	1	8	0	10	0	0	0	0	0	0	0	0	0	0	0	0	0	0	0	0	0	0	0	0	0	0	0	0	0	0	0	7	0	0	0	0	0	0	0	0	0	0	0	0	0	0	0	0	0	0	0	0	0	0	0	0	0	0	0	0	0	0	0	0	0	0	0	0	0	0	0	0	0	0	0	0	0	0	0	0	0	0	0	0
79	3	9	0	0	0	0	3	0	0	0	0	0	0	0	0	0	0	0	8	0	0	0	0	0	0	0	0	0	0	0	0	0	0	0	0	0	0	0	0	0	0	0	0	0	0	0	0	0	0	0	0	0	0	0	0	0	0	0	0	0	0	0	0	0	0	0	0	0	0	0	0	0	0	0	0	0	0	0	0	0	0	0	0	0	0	0	0
80	9	0	0	0	3	0	0	0	0	0	0	0	0	0	0	0	0	0	0	0	0	0	0	0	0	0	0	0	0	0	0	0	0	0	0	0	0	0	0	0	0	0	0	0	0	0	0	0	0	0	0	0	0	0	0	0	0	0	0	0	0	0	0	0	0	0	0	0	0	0	0	0	0	0	0	0	0	0	0	0	0	0	0	0	0	0	0
81	0	0	0	1	0	0	0	0	0	0	0	0	0	0	0	0	0	0	0	0	0	0	0	0	0	0	0	0	0	0	0	0	0	0	0	0	0	0	0	0	0	0	0	0	0	0	0	0	0	0	0	0	0	0	0	0	0	0	0	0	0	0	0	0	0	0	0	0	0	0	0	0	0	0	0	0	0	0	0	0	0	0	0	0	0	0	0
82	0	0	0	0	0	0	3	0	0	0	0	0	0	0	0	0	0	0	0	0	0	0	0	0	0	0	0	0	0	0	0	0	0	0	0	0	0	0	0	0	0	0	0	0	0	0	0	0	0	0	0	0	0	0	0	0	0	0	0	0	0	0	0	0	0	0	0	0	0	0	0	0	0	0	0	0	0	0	0	0	0	0	0	0	0	0	0
83	0	0	0	0	0	0	0	0	0	0	0	0	0	0	0	0	0	0	0	0	0	0	0	0	0	0	0	0	0	0	0	0	0	0	0	0	0	0	0	0	0	0	0	0	0	0	0	0	0	0	0	0	0	0	0	0	0	0	0	0	0	0	0	0	0	0	0	0	0	0	0	0	0	0	0	0	0	0	0	0	0	0	0	0	0	0	0
84	0	0	0	0	0	0	0	0	0	0	0	0	0	0	0	0	0	0	0	0	0	0	0	0	0	0	0	0	0	0	0	0	0	0	0	0	0	0	0	0	0	0	0	0	0	0	0	0	0	0	0	0	0	0	0	0	0	0	0	0	0	0	0	0	0	0	0	0	0	0	0	0	0	0	0	0	0	0	0	0	0	0	0	0	0	0	0
85	0	0	0	0	0	0	0	0	0	0	0	0	0	0	0	0	0	0	0	0	0	0	0	0	0	0	0	0	0	0	0	0	0	0	0	0	0	0	0	0	0	0	0	0	0	0	0	0	0	0	0	0	0	0	0	0	0	0	0	0	0	0	0	0	0	0	0	0	0	0	0	0	0	0	0	0	0	0	0	0	0	0	0	0	0	0	0
86	0	0	0	0	0	0	0	0	0	0	0	0	0	0	0	0	0	0	0	0	0	0	0	0	0	0	0	0	0	0	0	0	0	0	0	0	0	0	0	0	0	0	0	0	0	0	0	0	0	0	0	0	0	0	0	0	0	0	0	0	0	0	0	0	0	0	0	0	0	0	0	0	0	0	0	0	0	0	0	0	0	0	0	0	0	0	0
87	0	0	0	0	0	0	0	0	0	0	0	0	0	0	0	0	0	0	0	0	0	0	0	0	0	0	0	0	0	0	0	0	0	0	0	0	0	0	0	0	0	0	0	0	0	0	0	0	0	0	0	0	0	0	0	0	0	0	0	0	0	0	0	0	0	0	0	0	0	0	0	0	0	0	0	0	0	0	0	0	0	0	0	0	0	0	0
88	0	0	0	0	0	0	0	0	0	0	0	0	0	0	0	0	0	0	0	0	0	0	0	0	0	0	0	0	0	0	0	0	0	0	0	0	0	0	0	0	0	0	0	0	0	0	0	0	0	0	0	0	0	0	0	0	0	0	0	0	0	0	0	0	0	0	0	0	0	0	0	0	0	0	0	0	0	0	0	0	0	0	0	0	0	0	0
89	0	0	0	0	0	0	0	0	0	0	0	0	0	0	0	0	0	0	0	0	0	0	0	0	0	0	0	0	0	0	0	0	0	0	0	0	0	0	0	0	0	0	0	0	0	0	0	0	0	0	0	0	0	0	0	0	0	0	0	0	0	0	0	0	0	0	0	0	0	0	0	0	0	0	0	0	0	0	0	0	0	0	0	0	0	0	0
90	0	0	0	0	0	0	0	0	0	0	0	0	0	0	0	0	0	0	0	0	0	0	0	0	0	0	0	0	0	0	0	0	0	0	0	0	0	0	0	0	0	0	0	0	0	0	0	0	0	0	0	0	0	0	0	0	0	0	0	0	0	0	0	0	0	0	0	0	0	0	0	0	0	0	0	0	0	0	0	0	0	0	0	0	0	0	0
Longitudes que separan los grupos:																																																																																							
16	25	32	37	43	47																																																																																		
Area barrida minima y maxima																																																																																							
0.002639	0.003858																																																																																						
Area Total del Banco																																																																																							
5790																																																																																							
