Miss Tide UM B 2015																																																																																				
CLASES	LANCES																																																																																			
75	85																																																																																			
16	0	0	0	0	0	0	4	5	0	10	0	0	17	86	41	0	35	7	3	14	0	0	30	10	0	0	17	0	4	5	22	104	0	0	0	0	53	8	22	137	0	11	0	0	0	44	16	42	10	13	0	25	181	0	2	0	81	36	8	17	15	18	110	0	18	28	8	0	7	20	29	0	4	78	84	4	28	8	71	20	5	146	6	117
17	0	0	0	0	0	0	0	0	1	0	0	0	17	49	0	0	44	5	0	14	0	93	30	29	0	7	0	9	4	7	0	52	0	0	41	23	9	5	0	39	13	27	0	0	0	0	0	14	10	21	17	13	206	5	2	0	59	12	12	4	15	42	129	0	14	55	40	0	7	26	73	0	0	10	90	8	19	25	41	20	5	136	0	89
18	0	0	0	1	1	0	0	10	0	7	0	0	52	92	21	0	61	7	3	0	12	0	30	49	0	7	11	13	7	7	0	35	0	0	21	46	35	8	0	0	13	19	0	0	2	22	31	14	20	8	17	13	140	11	0	0	59	0	12	17	15	42	18	0	5	28	16	0	0	20	58	2	4	20	69	10	56	8	36	26	5	88	6	112
19	0	0	0	1	0	0	4	0	0	3	0	0	17	37	10	26	35	0	3	41	37	0	0	39	0	0	6	0	0	5	0	0	0	0	21	23	27	0	7	0	25	21	0	0	2	0	0	0	10	33	9	38	110	0	0	0	37	24	12	13	15	0	18	0	0	0	32	0	27	20	29	0	0	29	53	17	56	8	20	15	5	17	9	33
20	0	0	0	0	0	0	4	24	0	20	10	0	34	80	36	0	26	3	3	0	25	47	20	20	13	14	6	18	7	7	11	121	0	3	83	23	0	5	7	79	13	5	0	0	0	11	0	14	40	71	52	25	55	5	0	4	37	47	39	39	52	6	37	0	0	96	72	0	34	13	29	0	0	29	95	16	74	33	20	20	0	17	14	42
21	4	0	0	1	1	4	8	15	0	3	10	0	0	37	26	0	35	3	3	27	0	0	10	20	0	7	0	4	15	5	0	52	4	0	0	46	27	0	0	39	38	5	0	0	0	0	16	14	20	21	26	13	25	0	0	0	7	24	19	17	7	30	0	0	5	55	48	5	13	26	15	6	11	10	90	12	46	8	20	31	9	14	20	0
22	0	0	2	3	0	2	0	15	0	13	10	0	17	49	41	0	35	5	3	41	12	0	20	88	0	27	6	36	7	2	22	35	0	0	41	23	18	8	14	20	50	16	0	0	0	11	16	42	70	75	43	25	25	0	0	0	66	59	51	26	22	47	0	0	9	96	96	0	40	26	44	6	0	49	79	17	19	25	20	20	18	24	6	19
23	0	0	2	2	0	0	4	10	1	3	0	0	0	6	5	13	0	2	3	68	37	0	40	29	0	0	6	4	4	5	0	52	0	0	21	46	0	3	7	0	50	3	0	0	0	0	31	14	20	21	52	13	20	0	0	0	0	24	23	9	0	12	0	0	5	41	40	5	13	46	44	0	4	39	74	6	28	8	5	36	18	20	11	14
24	0	0	0	0	0	0	0	5	0	0	0	0	0	31	10	0	0	3	0	82	12	0	20	0	0	0	11	9	4	5	0	52	4	0	41	0	18	0	0	59	25	11	3	0	0	0	16	0	40	46	9	38	20	0	0	0	37	0	31	9	7	30	0	0	0	14	8	0	27	33	44	0	11	29	42	16	9	8	10	10	14	17	6	5
25	0	5	0	1	0	0	4	0	3	0	10	0	17	18	87	26	9	5	0	96	25	140	20	39	0	55	17	36	30	0	34	104	4	0	41	23	44	3	14	0	50	5	0	0	0	11	0	28	50	75	17	0	85	0	4	0	126	47	58	30	59	12	0	0	0	179	88	15	34	53	29	0	0	29	58	25	74	33	20	51	23	7	6	37
26	0	5	0	0	0	0	0	0	0	13	0	0	17	12	36	13	18	0	0	82	37	0	0	0	0	7	17	27	30	2	11	104	4	0	41	23	9	5	7	79	50	13	1	0	0	11	16	42	10	46	17	13	40	5	2	0	81	12	66	9	0	6	18	0	0	69	16	29	61	59	73	2	7	20	53	25	19	16	31	46	18	31	11	9
27	7	14	2	0	0	2	4	5	1	0	10	0	0	0	51	0	18	0	0	137	86	140	50	20	0	14	28	4	11	5	0	35	0	0	0	23	35	13	14	157	13	8	0	0	0	11	47	0	20	42	60	38	55	5	0	0	66	24	43	13	15	24	18	0	5	14	32	10	0	53	161	0	4	59	95	21	37	25	31	36	27	14	3	19
28	7	0	0	1	0	0	4	10	0	3	29	0	0	12	98	0	9	3	0	68	61	47	20	39	0	27	22	22	15	0	34	35	0	0	0	46	27	8	7	98	125	19	0	3	0	11	31	0	50	42	17	13	85	11	2	0	44	12	47	9	7	18	18	0	0	14	24	5	40	13	161	0	0	59	90	25	19	16	20	15	0	20	0	23
29	14	24	0	0	0	0	4	0	0	3	38	0	69	18	82	13	26	5	0	68	12	93	30	20	0	21	28	4	22	0	11	17	0	0	21	69	9	10	14	59	175	37	0	0	0	11	31	0	10	59	26	25	85	27	0	0	22	24	31	9	0	6	37	0	0	55	32	15	13	39	88	0	18	29	42	14	37	16	41	46	36	14	6	33
30	7	14	0	0	1	4	19	5	1	10	48	0	52	31	139	13	132	8	0	0	37	0	20	10	13	75	17	40	37	2	22	69	8	0	124	23	27	18	14	20	63	3	0	0	4	65	0	28	70	80	17	13	110	22	2	4	74	47	121	43	37	18	18	0	18	83	80	29	94	39	263	0	14	127	74	21	74	66	46	20	9	34	0	103
31	29	14	2	0	3	0	4	15	0	10	29	1	69	6	72	26	53	13	3	55	74	187	50	29	0	14	17	36	15	5	56	17	4	0	83	46	35	10	14	39	163	5	1	0	0	65	16	28	40	59	34	25	115	43	4	0	44	12	55	17	15	36	37	0	27	83	32	19	61	33	306	0	14	157	69	4	9	33	25	41	9	41	14	56
32	50	19	2	0	0	0	23	10	1	0	48	1	138	80	72	38	88	10	3	96	86	140	71	39	13	0	17	31	19	10	45	17	8	0	166	23	18	18	22	39	113	5	1	3	4	87	0	28	60	71	34	13	95	49	2	11	111	47	51	22	7	24	74	0	23	69	24	10	67	26	350	0	21	215	21	12	74	106	51	26	18	24	6	98
33	46	53	9	0	4	10	8	5	1	3	48	1	17	49	41	26	96	13	7	96	49	47	61	49	0	7	11	9	4	2	67	17	0	0	41	46	18	23	22	20	138	24	0	0	0	54	78	28	60	46	60	25	176	119	12	0	44	12	23	0	7	18	92	0	5	83	8	5	20	13	350	0	43	176	53	8	0	49	76	26	5	31	14	70
34	36	19	2	0	1	12	19	10	1	10	57	1	69	49	26	13	61	16	0	96	37	93	30	20	6	21	6	0	0	0	22	35	0	0	62	69	27	18	7	39	100	19	0	0	0	65	78	28	40	46	60	25	105	92	7	4	37	24	12	4	0	36	110	0	23	55	24	0	20	20	219	4	36	117	42	6	19	74	31	5	0	14	14	70
35	36	38	3	0	0	18	34	15	6	30	57	4	52	68	57	38	114	10	0	178	61	93	61	98	13	27	11	22	11	7	67	69	4	3	83	115	9	13	50	79	276	21	1	5	4	163	94	83	100	92	60	50	80	184	11	7	103	59	39	35	30	18	92	0	27	207	64	10	40	53	336	0	39	147	63	23	102	139	76	5	5	41	23	61
36	46	19	0	0	4	4	11	10	4	17	48	6	69	80	31	38	79	12	10	205	37	93	40	68	13	14	0	13	11	17	0	52	4	0	104	46	9	8	0	118	88	13	1	0	4	109	47	97	100	67	34	88	40	189	7	14	52	59	39	9	22	36	165	0	32	96	40	0	7	7	219	4	43	157	37	4	46	57	46	10	23	47	28	56
37	71	48	2	2	0	16	15	10	0	30	48	7	52	62	26	26	70	21	17	328	61	93	91	147	13	48	11	4	7	5	34	0	0	0	228	184	62	18	7	98	363	45	3	0	2	120	94	42	70	84	86	113	90	384	14	7	59	36	23	4	15	42	147	0	109	83	48	5	13	33	321	2	43	186	63	10	139	123	158	26	23	61	20	42
38	71	29	3	1	4	12	26	19	3	17	67	3	34	43	36	51	79	15	10	287	0	374	50	157	6	34	17	13	11	10	22	35	8	0	62	138	53	13	7	196	313	40	7	0	0	120	125	125	50	59	34	38	50	330	9	21	133	36	39	13	67	18	147	0	82	165	64	10	34	20	525	0	32	274	63	4	83	49	102	15	14	54	34	37
39	50	48	3	0	7	14	26	19	3	13	57	3	34	49	15	26	0	15	10	355	12	234	71	78	0	41	33	9	4	10	45	69	0	0	62	253	53	16	0	216	351	56	4	0	2	120	47	55	50	80	69	63	70	405	14	4	81	24	39	26	52	42	239	0	100	151	56	0	0	53	394	6	32	303	58	4	9	66	137	31	27	85	40	42
40	46	24	10	1	4	22	45	19	1	40	10	1	103	68	31	51	44	25	7	410	74	280	91	157	0	103	28	9	37	15	45	104	0	3	290	184	62	16	36	314	276	40	6	0	2	337	172	222	110	188	60	101	60	400	14	88	199	130	47	30	44	71	202	0	159	413	88	5	27	66	525	2	18	186	53	2	204	82	76	20	18	68	26	33
41	39	34	12	1	1	14	26	48	4	20	48	0	69	37	31	26	9	10	7	328	61	234	222	98	0	34	17	27	22	2	22	86	0	0	270	184	27	16	22	137	175	64	6	0	0	218	251	235	90	117	78	63	60	400	7	39	66	83	43	22	15	83	312	0	146	262	80	10	27	33	321	2	50	284	90	2	37	90	76	31	9	64	31	19
42	36	48	9	0	3	16	15	19	1	30	19	4	86	18	62	13	26	8	7	519	49	561	161	205	6	68	39	36	52	5	45	190	8	0	145	115	35	13	29	196	201	40	7	0	0	239	376	180	110	113	138	38	75	449	20	106	148	95	74	26	52	47	202	0	255	234	96	0	34	66	248	4	29	186	47	2	74	90	51	20	18	75	31	19
43	50	29	12	1	0	16	4	5	4	17	19	0	69	37	36	89	26	13	7	410	111	374	141	215	0	109	39	13	33	5	22	86	0	0	21	253	80	10	7	177	201	50	1	0	0	98	204	42	70	33	190	63	115	454	9	42	74	36	23	9	37	71	239	0	278	55	8	5	34	46	306	14	25	137	79	0	65	90	71	56	14	44	28	23
44	43	19	2	1	3	4	19	15	3	17	10	4	17	68	82	102	9	12	3	328	148	514	131	176	6	89	44	13	74	0	34	121	0	0	83	69	35	8	7	216	188	50	12	0	0	185	125	111	130	46	129	101	120	270	11	56	74	47	23	30	44	36	92	1	218	138	56	5	34	72	365	2	21	225	47	12	83	33	61	36	23	44	20	14
45	64	24	15	1	1	6	19	19	3	27	86	3	206	92	108	51	35	16	10	205	172	467	192	225	0	246	67	40	130	12	112	138	20	3	207	184	44	13	50	255	326	11	12	0	9	261	251	222	180	134	181	138	135	292	7	155	207	237	66	78	52	36	110	3	255	413	185	15	40	72	263	0	11	215	69	23	83	82	71	26	32	75	11	79
46	61	29	10	1	3	6	19	19	3	30	57	3	258	105	113	128	35	18	0	137	221	935	252	333	13	191	50	49	115	12	145	104	8	5	249	92	97	31	29	157	201	29	8	3	15	87	204	305	200	63	190	151	90	135	11	78	163	201	74	26	30	95	165	3	150	234	48	10	20	79	306	4	21	313	53	12	46	82	102	10	27	47	9	51
47	107	58	10	2	4	12	23	15	3	13	133	6	258	43	31	192	149	25	10	205	135	1308	202	333	0	171	106	36	78	5	56	138	4	3	187	184	133	21	50	275	251	24	30	3	2	65	110	138	100	46	422	252	160	124	9	46	111	130	39	13	7	130	221	3	273	96	80	0	20	53	496	6	14	294	95	8	120	66	127	31	14	95	3	47
48	78	72	7	1	4	4	61	44	7	40	190	13	327	166	67	217	140	31	3	232	172	1589	414	773	6	342	89	76	130	5	56	259	4	5	187	253	88	18	79	530	263	21	22	18	11	109	266	291	200	54	259	415	115	114	12	25	126	284	58	48	81	148	129	2	168	289	48	10	27	46	584	0	47	333	79	6	111	180	153	41	32	54	0	70
49	68	72	9	1	8	8	38	24	4	17	143	4	241	74	21	230	114	36	7	205	148	1542	283	460	0	390	139	45	222	2	67	173	8	0	311	207	80	26	72	393	476	27	28	5	7	54	204	208	210	71	422	441	90	27	4	39	96	225	39	35	52	208	147	3	100	496	48	0	7	92	569	10	25	303	111	4	102	147	153	31	5	47	6	19
50	114	72	22	3	11	20	53	48	16	77	381	12	378	222	77	256	123	38	7	369	209	2056	464	1369	19	554	200	135	323	17	391	657	28	8	539	437	124	31	72	570	614	42	32	20	17	207	470	595	501	142	526	629	90	59	14	102	355	533	164	104	274	297	221	2	132	689	330	24	81	145	584	6	36	646	121	19	250	311	193	56	41	44	0	84
51	121	58	22	3	4	16	61	44	7	30	238	4	361	154	41	192	158	38	17	273	135	1729	494	949	25	431	239	103	271	10	246	691	12	3	394	506	221	39	136	432	514	21	50	10	7	120	501	457	401	88	560	831	130	49	9	25	236	509	47	43	74	374	496	4	50	578	185	10	27	105	803	18	82	969	248	10	83	262	183	72	77	112	9	19
52	189	125	27	5	4	16	95	53	7	50	266	21	447	271	87	294	193	56	3	519	209	2290	727	1555	83	513	339	153	256	15	291	778	8	3	601	667	345	26	223	766	802	19	39	15	24	120	611	457	501	75	690	818	130	76	20	42	406	438	97	87	81	433	607	7	178	647	297	15	27	243	992	6	47	724	248	14	222	369	290	128	118	125	3	19
53	153	111	31	8	10	14	68	58	1	27	143	13	258	105	51	434	210	41	20	451	258	2243	969	1369	32	424	472	72	245	12	257	778	20	5	415	1057	433	96	201	1139	915	45	46	10	17	109	423	415	371	46	517	806	125	103	23	28	355	343	39	48	81	445	515	6	96	578	201	15	0	158	1197	18	97	871	290	6	195	344	326	138	104	163	11	19
54	78	48	15	3	12	22	64	53	16	57	219	3	310	148	31	204	79	26	7	232	197	1822	817	1203	38	397	400	108	230	10	391	778	12	8	767	850	292	29	151	668	689	61	12	10	13	294	642	388	411	46	336	541	140	135	14	32	384	260	86	91	148	374	478	5	96	633	209	10	20	132	1095	4	61	568	179	4	269	303	229	87	63	169	14	23
55	82	63	39	5	17	36	106	68	21	123	219	34	654	277	82	345	210	35	7	492	320	2336	1191	1555	114	458	383	148	241	30	570	951	109	22	1057	1103	557	91	201	962	1191	90	43	23	15	533	831	706	471	126	543	856	211	189	18	141	451	592	152	190	370	421	901	0	178	702	402	53	135	349	1168	14	72	910	285	33	417	410	402	210	104	227	6	145
56	71	77	51	1	8	24	110	48	4	83	238	15	516	160	98	281	88	25	0	287	516	1355	1786	1154	70	321	428	180	185	25	570	864	65	16	954	1218	593	73	280	884	965	64	29	18	15	479	784	526	401	96	397	932	276	178	18	71	436	438	74	112	259	255	1103	4	159	689	410	24	81	230	817	26	61	1057	385	16	306	377	382	179	163	169	20	117
57	68	91	69	7	8	34	110	44	4	47	200	12	430	123	36	447	193	25	0	369	381	1308	1080	773	57	130	389	112	167	25	436	778	49	5	892	1379	531	96	330	766	1266	88	30	3	4	327	611	277	311	46	595	856	211	189	21	78	458	272	55	95	207	362	735	1	178	620	386	29	20	224	949	10	54	724	311	12	371	229	249	195	68	203	11	98
58	39	77	45	8	11	30	159	78	7	110	343	22	533	185	51	371	140	38	10	314	406	1121	747	753	121	89	383	99	167	22	279	795	73	5	871	965	593	73	302	943	1191	117	28	10	6	490	501	457	260	63	397	831	236	205	20	60	414	272	82	82	214	285	790	5	205	606	322	24	88	164	657	14	61	548	190	12	315	164	198	164	136	159	0	75
59	36	82	51	8	11	34	110	39	7	73	219	12	516	129	21	102	123	28	7	369	258	794	555	303	63	41	194	49	93	32	268	726	57	19	871	598	469	52	223	432	1003	85	21	10	7	283	548	346	230	71	310	579	316	173	29	74	332	284	78	69	133	231	662	8	164	523	233	19	47	138	438	12	36	303	195	14	287	131	188	174	77	159	3	89
60	86	82	58	8	15	24	223	155	13	173	428	39	550	277	98	307	53	28	3	260	356	794	595	470	197	103	244	99	141	74	514	778	203	41	933	621	416	60	201	589	1003	56	22	23	18	501	862	692	501	180	388	541	296	189	46	109	443	533	160	190	296	249	368	3	200	689	378	73	135	178	394	6	18	323	132	52	463	188	249	164	127	64	0	121
61	68	125	63	12	17	24	132	82	6	110	371	13	258	123	46	204	123	30	7	123	307	234	313	157	63	14	222	49	63	39	469	259	186	54	726	460	354	81	180	157	865	61	22	13	17	337	548	332	321	63	354	491	331	97	30	25	273	343	86	104	200	190	459	9	196	358	394	44	81	151	511	6	50	342	190	12	361	49	173	184	127	92	9	56
62	75	159	72	13	23	36	170	121	7	100	266	24	464	203	57	217	132	30	10	246	356	327	242	225	114	62	194	54	48	47	335	242	166	49	249	506	274	34	144	196	401	58	12	13	9	207	376	346	250	109	233	264	186	108	39	32	199	178	93	99	281	160	221	7	178	289	273	29	74	99	306	2	14	108	84	12	343	49	127	118	113	58	3	93
63	75	178	94	20	34	47	110	87	1	67	124	19	172	86	21	268	140	44	10	205	307	187	192	147	57	7	178	9	0	22	168	121	101	14	21	276	416	31	86	354	539	24	6	18	4	109	204	152	140	33	198	290	155	65	37	28	111	71	39	39	96	166	147	9	150	151	153	34	61	99	306	10	7	137	158	12	176	33	71	118	81	58	3	65
64	68	135	55	13	18	36	174	107	4	80	247	22	206	86	51	128	123	30	17	191	86	0	172	176	38	27	178	36	11	30	168	86	85	33	228	138	212	39	57	157	251	19	6	13	26	87	266	138	190	42	198	138	95	38	23	32	111	83	74	61	170	95	184	9	91	110	88	44	34	59	146	0	7	68	79	16	93	33	46	61	50	17	6	42
65	86	154	70	21	33	49	185	116	15	100	238	27	206	111	67	204	61	25	20	123	172	0	81	98	63	27	89	18	22	39	313	173	126	54	21	230	80	21	57	98	113	13	12	13	22	120	172	166	230	67	164	176	115	22	27	11	81	130	82	99	111	83	110	9	73	248	129	78	142	33	131	4	0	29	74	16	297	8	36	67	59	14	3	79
66	50	217	58	7	30	47	64	73	9	57	86	21	120	148	10	179	79	20	7	82	98	47	91	29	19	0	78	9	4	32	56	35	53	24	41	115	62	31	29	137	63	13	3	10	9	44	188	28	110	25	69	13	105	22	18	0	15	36	58	48	67	53	129	10	59	69	40	24	74	33	44	2	0	49	53	8	56	0	25	51	36	10	6	23
67	71	207	57	13	25	55	42	48	1	13	29	13	86	49	10	77	53	15	20	14	61	0	30	39	0	0	56	9	4	22	45	0	20	11	0	115	62	16	22	98	63	8	1	3	6	0	16	28	40	17	26	25	45	0	12	0	7	24	23	13	44	65	37	2	59	14	16	15	34	7	88	0	0	20	32	2	83	0	15	15	27	0	3	23
68	75	217	38	16	39	47	34	63	6	43	86	24	34	31	36	64	79	13	10	27	86	47	10	59	13	0	28	4	7	10	34	52	4	8	41	115	18	5	43	59	38	3	0	3	0	33	31	28	80	8	26	25	30	5	4	0	22	24	16	9	15	36	18	7	46	14	16	15	34	0	102	2	4	0	37	6	19	0	10	20	36	7	3	5
69	43	120	31	13	23	45	42	29	6	30	38	13	34	6	0	26	0	7	14	27	25	0	10	0	13	0	11	4	4	12	22	35	8	8	21	23	27	5	7	0	0	3	1	0	0	11	47	0	0	25	17	13	20	0	2	0	7	0	12	4	7	0	18	0	32	0	40	10	27	0	29	0	0	39	11	4	9	0	5	5	9	0	6	0
70	53	101	38	16	32	47	57	97	7	27	76	31	86	37	10	13	53	8	10	41	25	0	10	39	6	0	33	4	0	12	45	52	45	5	21	0	27	5	14	59	13	0	1	0	4	22	31	28	10	8	17	0	15	5	0	4	37	24	19	17	15	18	0	1	23	14	32	19	88	0	0	2	0	0	16	6	19	0	5	10	18	0	0	19
71	21	101	24	4	10	32	34	39	1	17	19	15	34	0	10	13	0	5	3	0	25	0	0	10	0	0	11	9	4	12	11	0	4	3	0	92	0	5	22	0	0	0	0	0	2	11	16	0	0	8	0	0	10	0	0	0	0	12	4	0	0	0	0	5	14	0	0	5	0	7	15	0	0	0	0	8	0	0	5	5	5	3	0	5
72	21	96	15	14	15	34	11	29	1	13	10	10	17	6	5	0	35	0	0	14	12	0	0	10	0	0	0	0	0	0	0	0	8	0	0	23	0	3	0	0	13	0	0	0	0	0	0	0	10	4	0	0	5	0	0	0	0	0	0	0	7	0	0	1	9	0	0	0	0	0	0	0	0	0	0	4	9	0	0	0	0	0	0	0
73	7	63	10	7	15	28	8	15	0	10	19	3	0	0	0	0	9	0	0	14	0	0	0	0	0	0	6	0	0	2	0	0	4	0	0	23	0	0	0	0	13	0	0	0	2	0	0	0	0	0	0	13	10	0	0	0	0	0	0	4	0	0	0	0	9	0	0	5	7	0	0	0	0	0	0	0	0	0	0	0	0	0	0	5
74	7	43	12	10	10	30	15	29	3	10	19	6	0	6	5	0	9	0	0	0	0	0	10	0	6	0	6	0	0	2	0	0	4	0	0	0	0	3	0	0	0	0	0	0	0	0	0	0	0	0	9	0	0	5	0	0	0	0	0	0	0	0	0	0	0	0	0	0	0	0	0	0	0	0	0	0	0	0	0	0	0	0	0	0
75	4	48	7	2	1	26	8	15	4	7	0	0	0	0	21	0	18	2	0	0	0	0	0	0	0	0	0	0	0	0	0	0	4	0	0	0	0	0	0	0	0	0	0	0	2	0	0	0	0	0	0	0	0	0	0	0	0	0	0	0	0	0	0	0	5	14	0	5	0	0	0	0	0	0	0	0	0	0	0	0	0	0	0	5
76	0	34	0	10	1	6	0	15	0	0	0	3	17	0	0	0	0	0	0	0	0	0	0	0	0	0	0	0	0	0	0	0	0	0	0	0	0	0	0	0	0	0	0	0	0	0	0	0	0	0	0	0	0	0	0	0	0	0	0	0	7	0	0	0	0	0	0	0	0	0	0	0	0	0	0	0	0	0	0	0	0	0	0	0
77	0	10	2	3	3	2	0	0	0	0	0	0	0	0	0	0	0	3	0	0	0	0	0	0	0	0	0	0	0	0	0	17	0	0	0	0	0	3	0	0	0	0	0	0	0	0	0	0	0	0	0	0	0	0	0	0	0	0	0	0	0	0	0	0	5	0	0	0	0	0	0	2	0	0	0	0	0	0	0	0	0	0	0	5
78	4	0	2	2	0	2	4	0	0	0	0	0	0	0	0	0	9	0	0	0	0	0	0	0	0	0	0	0	0	0	0	0	0	0	0	0	0	0	0	0	0	0	0	0	0	0	0	0	0	0	0	0	0	0	0	0	0	0	0	0	0	0	0	0	0	0	0	0	0	0	0	0	0	0	0	2	0	0	0	0	0	0	0	0
79	0	0	0	1	0	0	0	0	0	0	0	0	0	0	0	0	0	0	0	0	0	0	0	0	0	0	0	0	0	0	0	0	0	0	0	0	0	0	0	0	0	0	0	0	0	0	0	0	0	0	0	0	0	0	0	0	0	0	0	0	0	0	0	0	0	0	0	0	0	0	0	0	0	0	0	0	0	0	0	0	0	0	3	0
80	0	0	0	1	0	2	0	0	0	3	0	0	0	0	0	0	0	0	0	0	0	0	0	0	0	0	0	0	0	0	0	0	0	0	0	0	0	0	0	0	0	0	0	0	0	0	0	0	0	0	0	0	0	0	0	0	0	0	0	0	0	0	0	0	0	0	0	0	0	0	0	0	0	0	0	0	0	0	0	0	0	0	0	0
81	0	0	0	0	0	2	0	0	0	0	0	0	0	0	0	0	0	0	0	0	0	0	0	0	0	0	0	0	0	0	0	0	0	0	0	0	0	0	0	0	0	0	0	0	0	0	0	0	0	0	0	0	0	0	0	0	0	0	0	0	0	0	0	0	0	0	0	0	0	0	0	0	0	0	0	0	0	0	0	0	0	0	0	0
82	0	0	2	1	0	2	0	0	0	0	0	0	0	0	0	0	0	0	0	0	0	0	0	0	0	0	0	0	0	0	0	0	0	0	0	0	0	0	0	0	0	0	0	0	0	0	0	0	0	0	0	0	0	0	0	0	0	0	0	0	0	0	0	0	0	0	0	0	0	0	0	0	0	0	0	0	0	0	0	0	0	0	0	0
83	0	0	0	0	0	0	0	0	0	0	0	0	0	0	0	0	0	0	0	0	0	0	0	0	0	0	0	0	0	0	0	0	0	0	0	0	0	0	0	0	0	0	0	0	0	0	0	0	0	0	0	0	0	0	0	0	0	0	0	0	0	0	0	0	0	0	0	0	0	0	0	0	0	0	0	0	0	0	0	0	0	0	0	0
84	0	0	0	0	0	0	0	0	0	0	0	0	0	0	0	0	0	0	0	0	0	0	0	0	0	0	0	0	0	0	0	0	0	0	0	0	0	0	0	0	0	0	0	0	0	0	0	0	0	0	0	0	0	0	0	0	0	0	0	0	0	0	0	0	0	0	0	0	0	0	0	0	0	0	0	0	0	0	0	0	0	0	0	0
85	0	0	0	0	0	0	0	0	0	0	0	0	0	0	0	0	0	0	0	0	0	0	0	0	0	0	0	0	0	0	0	0	0	0	0	0	0	0	0	0	0	0	0	0	0	0	0	0	0	0	0	0	0	0	0	0	0	0	0	0	0	0	0	0	0	0	0	0	0	0	0	0	0	0	0	0	0	0	0	0	0	0	0	0
86	0	0	0	0	0	0	0	0	0	0	0	0	0	0	0	0	0	0	0	0	0	0	0	0	0	0	0	0	0	0	0	0	0	0	0	0	0	0	0	0	0	0	0	0	0	0	0	0	0	0	0	0	0	0	0	0	0	0	0	0	0	0	0	0	0	0	0	0	0	0	0	0	0	0	0	0	0	0	0	0	0	0	0	0
87	0	0	0	0	0	0	0	0	0	0	0	0	0	0	0	0	0	0	0	0	0	0	0	0	0	0	0	0	0	0	0	0	0	0	0	0	0	0	0	0	0	0	0	0	0	0	0	0	0	0	0	0	0	0	0	0	0	0	0	0	0	0	0	0	0	0	0	0	0	0	0	0	0	0	0	0	0	0	0	0	0	0	0	0
88	0	0	0	0	0	0	0	0	0	0	0	0	0	0	0	0	0	0	0	0	0	0	0	0	0	0	0	0	0	0	0	0	0	0	0	0	0	0	0	0	0	0	0	0	0	0	0	0	0	0	0	0	0	0	0	0	0	0	0	0	0	0	0	0	0	0	0	0	0	0	0	0	0	0	0	0	0	0	0	0	0	0	0	0
89	0	0	0	0	0	0	0	0	0	0	0	0	0	0	0	0	0	0	0	0	0	0	0	0	0	0	0	0	0	0	0	0	0	0	0	0	0	0	0	0	0	0	0	0	0	0	0	0	0	0	0	0	0	0	0	0	0	0	0	0	0	0	0	0	0	0	0	0	0	0	0	0	0	0	0	0	0	0	0	0	0	0	0	0
90	0	0	0	0	0	0	0	0	0	0	0	0	0	0	0	0	0	0	0	0	0	0	0	0	0	0	0	0	0	0	0	0	0	0	0	0	0	0	0	0	0	0	0	0	0	0	0	0	0	0	0	0	0	0	0	0	0	0	0	0	0	0	0	0	0	0	0	0	0	0	0	0	0	0	0	0	0	0	0	0	0	0	0	0
Longitudes que separan los grupos:																																																																																				
16	25	32	37	43	47																																																																															
Area barrida minima y maxima																																																																																				
0.002716	0.004013																																																																																			
Area Total del Banco																																																																																				
6406																																																																																				
